Sample	1.0	2.0	3.0	4.0	5.0	6.0	7.0	8.0	9.0	>10	>50	>100	>500	>1k	>5k	>10k+
Villapol_234_B_1	4.745042492917847	1.5727263846830124	0.8278792615023933	0.7326365146038879	0.549477385952916	0.6300674025593436	0.6325095242746899	0.56657223796034	0.41760281332421606	8.606036924880337	3.24802188141057	16.801797401582494	8.239718667578392	12.381557096805706	14.81635244700596	25.232001562957894
Villapol_234_B_2	8.750122106085767	1.5385366806681644	0.8864901826707042	0.8205528963563543	0.6227410374133047	0.38097098759402165	0.5128455602227214	0.4688873693464882	0.3956237178860994	6.344632216469669	3.880531405685259	16.745628602129532	8.483930839113022	14.982416723649505	35.186089674709386	0.0
Villapol_236_B_1	4.9605605347432675	1.7538203623702366	0.831775098330002	0.687772691125583	0.6125475530337223	0.6834741118060481	0.43630580093279175	0.44705224923162895	0.44490295957186154	8.296258086702345	4.6725557203344295	14.189610333784684	7.528961678165366	13.222429986889333	15.560857136716317	25.671115696262387
Villapol_236_B_2	7.920132396243042	1.5474885550325617	0.9800760848539558	0.7995357534334903	0.5695617598383734	0.5416209942613966	0.4212607733144196	0.4126636146753498	0.30949771100651235	6.228641434006061	4.504911126872568	9.977002600640489	14.509854493090032	12.43364068175468	15.343778881079803	23.500333139897265
Villapol_237_B_1	5.283767038413878	1.571251548946716	1.0855018587360594	0.9516728624535317	0.7434944237918215	0.4907063197026022	0.6245353159851301	0.49566294919454773	0.4684014869888476	8.706319702602231	4.292441140024783	16.18091697645601	4.364312267657993	34.185873605947954	20.555142503097894	0.0
Villapol_237_B_2	9.306071871127633	1.9429987608426271	1.174721189591078	0.8327137546468402	0.6071871127633209	0.550185873605948	0.5551425030978935	0.5551425030978935	0.5799256505576209	6.671623296158612	4.014869888475837	18.059479553903344	5.578686493184634	31.53159851301115	18.03965303593556	0.0
Villapol_238_B_1	5.158378334810994	1.902152010961554	0.9853308616103812	0.7898766825179334	0.7354719110179737	0.45941807044410415	0.6488272749254453	0.5480776980736681	0.362698476666398	8.408559684049328	3.584669944386234	16.680099943580238	5.7548158297735155	21.707503828483922	11.596276295639559	20.677843153058756
Villapol_238_B_2	8.819617957604578	1.7973724510357054	1.1425002014991537	0.6850971225920851	0.5944225034254856	0.5198678165551704	0.4936729265737084	0.45135810429596196	0.2538889336664786	5.339727573144193	4.559925848311437	16.07761747400661	6.889256065124528	22.406705891835255	29.968969130329654	0.0
Villapol_239_B_1	4.958709577834376	1.8059736050011579	1.076638110673767	0.7872192637184533	0.4437755653314811	0.48622366288492713	0.4592112371690978	0.4167631396156518	0.4341282704329706	7.955159373311724	4.860307169869568	14.420776414293432	7.683105657173729	26.23678320598904	0.0	27.975225746700627
Villapol_239_B_2	8.825345373157367	1.7789611792853284	1.0592729798564482	0.6482982171799028	0.6463687582002007	0.4283398934938643	0.49972987574284167	0.24697074940186772	0.32993748552905766	6.571737284865324	3.268503511615343	11.700239252913484	8.655552982943583	29.121324380643664	0.0	26.219418075171724
Villapol_240_B_1	4.957465532414198	1.7645598754428324	1.0086422817428977	0.6769411286865086	0.8010470022790351	0.5686305480966671	0.45806349707787075	0.5957081932441276	0.4264729110725004	8.371505291423157	3.7615362050680328	15.779497709682513	10.632488661236096	14.389511925446216	11.580206241397207	24.22772299569014
Villapol_240_B_2	8.281246474264954	1.642710472279261	0.9477175801611121	0.79427759099217	0.5302705508044318	0.5009364352280163	0.39488232506713006	0.4512940857910057	0.2233905724665478	6.771667757294041	2.8318703883385608	13.249994358823928	11.207888620619627	28.515016810704697	0.0	23.65683597716452
Villapol_241_B_1	5.760044956448441	1.9236172650052956	1.082845224458037	0.8731925562495947	0.8105128925584109	0.5835692826420559	0.5446646637992522	0.3631097758661681	0.5446646637992522	8.494175114012146	4.934402489895606	16.482590183067845	7.843603432251929	24.101411373116907	25.65759612682906	0.0
Villapol_241_B_2	9.090712602935138	1.8674217044545787	1.1087816370199062	0.9769382064970713	0.5835692826420559	0.5835692826420559	0.48414636782155746	0.46685542611364467	0.44740311669224286	5.600103745650248	3.7867162340328964	16.765729353534915	8.911319082715542	25.04809043162513	24.278643525623014	0.0
Villapol_242_B_1	5.060217078852158	1.8238588491847154	1.1597363334489765	0.9119294245923577	0.706249690241364	0.6393418248500768	0.6591663775586063	0.33701739604500175	0.35684194875353126	9.181245973137731	4.007037716211528	13.951528968627647	9.245675769440451	27.283540665113744	24.676611983942113	0.0
Villapol_242_B_2	8.261882341279675	1.808990434653318	1.0853942607919909	0.8524557664667691	0.7186400356841949	0.7285523120384597	0.36427615601922986	0.6740347920900035	0.28993408336224413	6.524755910194776	2.69861723744858	15.106309163899489	10.653219011746048	26.587203251226644	23.645735243098578	0.0
Villapol_243_B_1	5.317870143062727	1.9131465334800641	1.0767798188436468	0.7720308135105393	0.5079150088885127	0.6501312113772962	0.5688648099551342	0.3521544061627021	0.5333107593329384	7.916701938542284	4.506899178870736	14.13019554727842	11.682045204435791	21.32396512316939	10.124439177177685	18.62355032591213
Villapol_243_B_2	8.69211885211208	1.794633031406078	1.0767798188436468	0.6975366122068907	0.46558875814780326	0.5688648099551342	0.48590535850334376	0.37924320663675615	0.3504613561330737	5.886734953017862	3.194785405908745	11.670193854228392	10.022856175399983	27.080335223905866	9.635147718615086	17.99881486497926
Villapol_244_B_1	4.590943437954994	1.5628743618570191	1.0394588916124514	0.7372048876684053	0.7003446432849849	0.707716692161669	0.45153799369689823	0.4570670303544112	0.3649164193958606	8.142427984297536	4.0601559188337415	10.416705062754566	3.916400965738403	24.445714075084318	38.406531635304745	0.0
Villapol_244_B_2	8.380176560570597	1.6329088261855176	0.8957039385171124	0.6634843989015646	0.7003446432849849	0.6081940323264343	0.3741314804917157	0.3538583460808345	0.49761329917617353	6.2514974474280764	3.5643856318767395	10.230560828618293	7.137986324849334	22.328093035256824	36.3810612064358	0.0
Villapol_245_B_1	4.547259354497155	1.5806689481744784	1.0493675433454972	0.741174913498081	0.6995783622303314	0.6466372969804685	0.46323432093630057	0.5899147270699011	0.5445366711414472	7.133808542419029	4.976460133487114	12.760687477547316	3.081926298474163	31.895101060712054	29.28964434948666	0.0
Villapol_245_B_2	8.33821777685341	1.5693244341923651	0.9586114314885893	0.6201667643555371	0.7657546937926601	0.5785702130877877	0.4499990546238348	0.37815046607044944	0.2552515645975533	6.420994913876231	2.5752046739397607	10.87182589952542	7.379606345364821	30.327667378850045	28.510654389381536	0.0
Villapol_246_B_1	5.706785367802317	1.7995396526469971	1.101409575985847	0.9435218474766497	0.8940630409556962	0.684814244136278	0.5326333009948829	0.3500161692252088	0.5649717514124294	8.02183796534079	4.091765108714261	21.813235937529722	9.67870798379273	32.11969031178071	11.697007742205482	0.0
Villapol_246_B_2	9.062375164070078	1.993570355152276	1.0899960052502426	0.7989499514923244	0.5992124636192433	0.5364378245734178	0.4793699708953946	0.4261066407959063	0.3766478342749529	6.077726416709468	2.96372386767867	19.00739979836025	8.702847685898533	36.77452491011813	11.11111111111111	0.0
Villapol_247_B_1	5.047756352495945	1.8057307622995133	0.9893674535952425	0.7352676157866282	0.5676698504234997	0.4757613984501712	0.6938187060731664	0.5334294467471616	0.519012434672914	7.763561001982339	5.788430347810417	13.688952964498108	2.3950261308343848	32.57163452874392	26.424581005586596	0.0
Villapol_247_B_2	8.35105424400793	1.6651648945755992	0.8758334835105424	0.8794377365291043	0.630744278248333	0.7028293386195711	0.5298251937285997	0.36042530185619026	0.2270679401693999	5.855109028653811	3.12488736709317	13.040187421156965	4.384573797080555	34.58280771310146	24.79005226166877	0.0
Villapol_248_B_1	5.459287903108128	1.9516999854078505	1.1655479352108566	0.9266014883992412	0.5928060703341602	0.6785349481978695	0.44688457609805926	0.6128702757916241	0.410404202539034	8.530935356778054	4.864657814096017	14.814679702320152	9.473953013278855	50.0711367284401	0.0	0.0
Villapol_248_B_2	9.515905442871734	2.0137166204581938	1.1655479352108566	0.9703779366700716	0.6201663505034292	0.5034291551145484	0.6001021450459653	0.39398803443747266	0.4924850430468408	6.2837443455420985	3.239457172041442	15.803297825769736	7.675470596818911	40.54611119217861	10.176200204290092	0.0
Villapol_249_B_1	4.694605613925043	1.552454132037008	0.9761643405990278	0.8075897757566253	0.7546652030735456	0.5292457268307982	0.535126234906696	0.5488474204171241	0.24698133918770582	8.205268935236004	3.9085777011133764	9.40685275207778	6.713580053316607	35.110553551826875	0.0	26.00948721969578
Villapol_249_B_2	8.068057080131723	1.662223616120433	1.064371961737494	0.7683863885839737	0.5390465736239611	0.5998118237415713	0.3293084522502744	0.39203387172651716	0.28226438764309236	6.190214834561706	3.5890700956562647	8.089618943076681	10.788772149913752	32.62309863572212	0.0	25.01372118551043
Villapol_250_B_1	4.842974887563456	1.7217750497037079	0.9323064450749898	0.8029802922385006	0.7527940239735943	0.5327465400428513	0.7296311309282529	0.4941417183006157	0.3126990561121084	7.539521686258614	4.362344856872624	13.529059779566468	8.817341285926613	25.191576427895846	29.43810681954176	0.0
Villapol_250_B_2	7.782732063234699	1.6445654062192365	0.9265157218136545	0.7566545061478178	0.6369795587468875	0.5790723261335341	0.47290906634238616	0.44781593220993304	0.3821877352481325	6.3562838998590925	3.5226899839789985	12.297565965989152	9.3886926477117	27.39205126720327	27.4132839191615	0.0
Villapol_251_B_1	4.456519575645389	1.5445552437252443	0.8956828088612886	0.7404311219919986	0.6866901534603213	0.5612945602197409	0.5294480603491173	0.4299277482534185	0.5732369976712247	7.961624967655899	4.193785951712744	9.100137338030692	5.147190541589539	32.17889771302323	0.0	31.000577217810154
Villapol_251_B_2	7.6829680937879425	1.5883441810473515	1.0449632770048367	0.5891602476065365	0.4876495292689238	0.4299277482534185	0.4179853108019347	0.41400449831810676	0.3761867797217412	6.277741286996676	3.630500985251089	7.663064031368802	7.55160128182162	32.22268665034533	0.0	29.623216098405685
Villapol_252_B_1	5.313489928874544	1.8369095292172215	1.2192935269858345	0.9324009324009324	0.5976929053852131	0.6574621959237344	0.5717928794851872	0.4781543243081705	0.44826967903890985	8.481262327416173	4.2834658219273605	14.745083975853207	6.815691431076046	37.72239156854542	15.89663897356205	0.0
Villapol_252_B_2	9.379793995178611	1.781124858047935	1.2013627398242783	0.7889546351084813	0.6176160022313869	0.4901081824158747	0.4462773693542924	0.5897236666467436	0.3048233817464586	6.648337417568187	2.2293945370868444	12.96395911780527	6.540752694598849	40.87223317992549	15.1455382224613	0.0
Villapol_253_B_1	4.915524090705331	1.6261419318937134	0.9970166787751379	0.6863184579475369	0.6260337285332261	0.45445411404634195	0.5193761303386766	0.408081245266103	0.2643253520473622	8.348662142735689	3.754656608906682	13.59652512636607	7.663889447080828	30.210378248033017	0.0	25.928616697324287
Villapol_253_B_2	7.912757176201443	1.6972469973567463	0.9274573756047795	0.7914302938494119	0.618304917069853	0.49155240907053316	0.45445411404634195	0.35861685190051473	0.27823721268143387	6.147496637967014	2.705084012180607	12.4124712101773	5.227768073825607	35.52316324795573	0.0	24.453959470112686
Villapol_254_B_1	4.6371688863641145	1.6831828988617477	1.060405226282901	0.7910959624650213	0.7574323044877864	0.5428264848829136	0.4123798102211282	0.4881230406699068	0.6059458435902291	7.889919838414442	3.9975593847966504	13.086747038650087	7.717393591281113	25.05628142818069	31.273538260851268	0.0
Villapol_254_B_2	9.280649708598961	1.7505102148162175	0.9720381240926591	0.833175534936565	0.6943129457804709	0.6564413305560816	0.48601906204632955	0.5554503566243767	0.34084453701950385	5.945843590229123	3.3158703107576426	9.402680468766437	8.260220076164027	28.931810052809865	28.574133686801744	0.0
Villapol_255_B_1	5.086863166113606	1.6904157720085886	0.9310950614874098	0.7027132539527621	0.5465547530743704	0.6324419285574858	0.519227015420652	0.5153230528986922	0.4391957837204763	7.8157329689634985	4.559828225649034	11.834862385321102	5.582666406402499	25.635369900448957	12.56490337692758	20.94280694905329
Villapol_255_B_2	8.430607066172165	1.47960179582276	0.9896544993168065	0.8744876049189929	0.5660745656841694	0.5973062658598477	0.43724380245949646	0.37478040210813973	0.2635174702322858	6.5293773179777475	4.026937341401522	10.568026546945148	6.874878001171189	25.98282256490338	11.963693148545774	20.040991606480578
Villapol_256_B_1	5.254590889291364	1.870744400375983	1.0660491987436669	0.7886471491781104	0.6648478873885233	0.5502189412870538	0.545633783442995	0.6969439922969348	0.4332974162635549	8.879158165019831	4.550769160228341	14.103945528324813	9.759508471079117	28.78791352392306	22.047731493156654	0.0
Villapol_256_B_2	8.876865586097802	1.6965084023017492	1.196726197299342	0.862009674683051	0.6763107819986702	0.6189963089479356	0.36910520644673195	0.2751094706435269	0.4745638368600839	7.246841972534905	4.076205323368257	13.205254590889293	8.477956853664688	31.68344070244618	20.264105091817786	0.0
Villapol_257_B_1	5.1500197394394	1.7804974338728778	1.1192262139755231	1.058033951835768	0.7599684168969602	0.5803395183576787	0.5941571259376234	0.5369127516778524	0.3730754046585077	7.844453217528622	3.9261744966442955	13.829451243584682	11.03237268061587	39.0998815633636	12.315436241610739	0.0
Villapol_257_B_2	8.75246742992499	1.8199763126727202	1.1547572048953811	0.9711804184761154	0.8685353335965259	0.5803395183576787	0.5941571259376234	0.37899723647848405	0.2487169364390051	6.194236083695223	3.2688511646269243	10.171733122779312	9.313067508882748	44.04461113304382	11.638373470193446	0.0
Villapol_258_B_1	5.846166722464011	2.0882156009373953	1.1173418145296286	0.8369601606963508	0.5754101104787412	0.5649481084700367	0.629812520924004	0.5356545028456646	0.3766320723133579	8.505607633076666	5.888014730498829	18.275025108804822	9.072648141948443	27.893789755607635	17.79377301640442	0.0
Villapol_258_B_2	9.294442584532977	1.8747907599598257	1.0294609976565114	0.6695681285570807	0.732340140609307	0.527284901238701	0.5565785068630733	0.4017408771342484	0.2636424506193505	6.622447271509876	3.3624874455975897	15.094576498158688	10.250669568128556	33.331938399732174	15.98803146970204	0.0
Villapol_259_B_1	4.670636045742368	1.6444570456478593	0.9923447689254324	0.7031471505528778	0.5008978357433135	0.49900765523107454	0.582175597769587	0.3931575465456951	0.2721859937624043	7.566392590492392	4.547774312446839	13.30309044513751	8.418864001512144	26.936962479916833	0.0	28.96890653057367
Villapol_259_B_2	8.131556563651829	1.7087231830639826	0.9753331443152821	0.6426613741612324	0.5954068613552594	0.3515735752764389	0.5160192798412249	0.31755032605613837	0.35724411681315565	6.078820527360363	3.876760230602023	12.787071165296284	7.320669123901332	29.500047254512808	0.0	26.840563273792643
Villapol_260_B_1	5.290975113595316	1.8099203406908875	1.2433696458107568	0.8365178045209984	0.6559060058176012	0.5475389265955626	0.7452613167550715	0.48670126808494457	0.42776478640278337	7.176942527424476	3.0627958706439284	19.304549516150495	8.380387459837639	33.23827449191049	16.793094925759043	0.0
Villapol_260_B_2	9.253027624099317	2.0190497918211374	1.231962584840016	0.7376566094412441	0.6939295423867374	0.4334683168881538	0.47909656077111734	0.5475389265955626	0.615981292420008	5.743455198768038	1.8403391699461966	15.083936956976368	6.2472670583090935	39.69086864769292	15.382421719044087	0.0
Villapol_261_B_1	4.579770071735113	1.5756664473890298	0.9162672681138991	0.7267487391535883	0.5873508128935251	0.46988065031482	0.5153024465119194	0.3257839175516085	0.2537355511700028	7.278451273376563	3.6024183190802868	12.296776618738841	7.217366788835636	26.28355730977665	8.114838830936941	25.256084954421574
Villapol_261_B_2	8.14773047645898	1.635184663095574	0.9491589136359365	0.6703630611158099	0.5716881245496976	0.6578329104407481	0.32891645522037405	0.476145725652351	0.140964195094446	5.915797387463584	3.6274786204304106	8.125802712777622	10.129060551953136	34.58478213200514	0.0	24.03909407010619
Villapol_262_B_1	5.444569810402425	1.7831463905665805	1.095108515298334	0.9114842591978053	0.6083936196101856	0.5442357469967478	0.6504280878741621	0.4424680869892259	0.3982212782903033	8.844937058914626	3.701245547664875	14.546138359770802	6.741001305280856	25.52598393840844	0.0	28.76263799473463
Villapol_262_B_2	10.80949536514679	1.7477489436074423	1.1150195792128492	0.7079489391827615	0.7300723435322227	0.47786553394836395	0.4800778743833101	0.3893719165505188	0.3384880865467578	6.8405566248534315	3.9069932081148644	13.227583460542908	4.0198225702971175	29.063516293887304	0.0	26.14543926019336
Villapol_263_B_1	4.007331311942798	1.5522469113454316	0.9096257410508214	0.5340091415124225	0.5656876499072272	0.5566366475087116	0.3801421007376567	0.4887541295198443	0.28510657555324254	7.844956328913427	4.095578585328325	10.055663664750872	5.871837806037019	27.3951215097072	0.0	35.457301896185
Villapol_263_B_2	7.661673530343485	1.3983798705706656	0.9842965108385754	0.7331311942797665	0.5204326379146491	0.4344481151287505	0.4434991175272661	0.398244105534688	0.3462008417432231	6.742996786894148	4.41688917047563	9.24786170068335	7.587002760555732	25.849662850160655	0.0	33.23528080734942
Villapol_264_B_1	4.5477627941093495	1.6099606913803157	0.9140664673023755	0.78241080328763	0.7993379600895258	0.5868081024657225	0.5924504880663545	0.4363444864488706	0.541669017660667	7.293723786416898	3.44749760198612	8.514359871353609	9.148187853824597	32.53587616844402	28.24954390716395	0.0
Villapol_264_B_2	8.941300381801426	1.76794748819801	0.970490323308695	0.8275498880926857	0.5454306080610882	0.541669017660667	0.5792849216648799	0.541669017660667	0.423178920047396	6.05616054467829	2.204291974646881	8.134439240911057	10.46286369877184	31.24565066109951	26.758073313396903	0.0
Villapol_265_B_1	4.2611485633944985	1.4564331807202855	0.9192833195140415	0.7354266556112333	0.6669310357258733	0.49749450232524606	0.4542341108187029	0.5623850895850607	0.3893435235588882	6.96852806517899	5.400338873066801	10.501460038213347	6.144778110241898	11.759616424528643	23.854500883232994	25.428097624283502
Villapol_265_B_2	7.478640181693644	1.3771224629582899	0.9192833195140415	0.6777461336025091	0.5047045675763365	0.49749450232524606	0.517322181765745	0.43260391506543133	0.2595623490392588	6.867587151663724	3.2625545261184614	9.513681098813946	5.5932081185334726	14.59497458451999	22.133097804535133	25.37041710227478
Villapol_266_B_1	4.45324626665953	1.4184017556067012	0.9473853235561741	0.8349836749986619	0.7761066209923461	0.5941229995182786	0.7306107156238292	0.6208852967938768	0.36129101322057483	7.571053899266714	4.380988064015415	11.114382058555906	5.333725847026709	14.352620028903281	14.780816785312851	31.729379649949152
Villapol_266_B_2	9.17411550607504	1.621795214901247	1.035700904565648	0.6422951346143553	0.5887705400631591	0.6422951346143553	0.48707381041588604	0.6208852967938768	0.24086067548038326	7.081303859123267	3.1766846866134992	12.22234116576567	7.300754696783172	25.507145533372583	0.0	29.657977840817857
Villapol_267_B_1	3.495546215246983	1.0102957621563258	0.7982107739174025	0.6246866926310107	0.5012917903829098	0.46273088343037827	0.48586742760189716	0.35476034396329004	0.22558130567230944	7.249450507075926	2.0726487486985694	8.54895307137624	4.18385840434967	7.2533065977711795	30.112212239231866	32.620599236494044
Villapol_267_B_2	7.012300929317858	1.2185246596999961	0.6709597809740485	0.555277060116454	0.4145297497397139	0.33547989048702426	0.49936374503528325	0.5090039717734162	0.24293371380094858	7.228242008252034	1.9569660278409748	6.331700921605677	4.631164924999036	7.82207997532102	28.413604287972856	32.15786835306366
Villapol_268_B_1	4.4778226375674075	1.6149524266636552	0.9571134137045089	0.8921765154295717	0.8893531720263135	0.6267822355233067	0.612665518507016	0.49690843897343234	0.48279172195714165	7.987238487817273	4.460882577147859	10.906575566786188	6.459809706654621	17.041700782066123	42.09322679917558	0.0
Villapol_268_B_2	8.684604308422033	1.654479234309269	0.8978232022360879	0.8470030209774415	0.6352522657330811	0.42350151048872076	0.5533753070385952	0.7001891640080183	0.48279172195714165	7.0640051949518625	3.941387390948361	8.032411982269403	11.714051780118016	27.840989299528502	26.528134617013464	0.0
Villapol_269_B_1	4.473186036352083	1.466791988244483	0.9491785700101933	0.8048822462569004	0.5493850858496936	0.5480612663657184	0.4540700830034817	0.296535564410437	0.3336025099617416	6.833556176279802	3.4631117700790317	15.054475171765578	6.158408239452468	28.284727094613377	7.923059611591364	22.406968585763646
Villapol_269_B_2	8.156051840770992	1.6759554667125591	0.9015210685870875	0.8101775241928011	0.43686042971180455	0.48451793113491043	0.5467374468817432	0.3388977878976423	0.29785938389441213	5.8499582996862545	2.437151669998279	12.548484888600592	7.078462780815207	29.886548670223327	7.418684388196825	21.13213042269556
Villapol_270_B_1	4.5552043350643485	1.678332204410326	0.9595845563332581	0.8052984119816362	0.6867614961992926	0.7676676450666065	0.44780612628885375	0.5719876571084519	0.49108150824113794	7.351170316851058	3.307744411831113	10.786859336193272	9.356890193422142	25.470384586437874	9.605253255061339	23.157973959509295
Villapol_270_B_2	8.79807330473395	1.674569127718823	1.0047414766312939	0.7450891849175886	0.6209076540979905	0.5418830435764281	0.553172273650937	0.3612553623842854	0.32174305712350415	6.837510348460901	3.539173628358546	10.021073229472417	8.147061037103937	34.80281478136524	0.0	22.030932490404155
Villapol_271_B_1	5.534486245954692	1.9215210355987056	1.1301577669902914	0.7888349514563107	0.6826456310679612	0.6067961165048543	0.42475728155339804	0.5056634304207119	0.5233616504854369	7.9566140776699035	7.0565331715210355	12.505056634304207	13.334344660194175	22.360436893203882	24.668790453074433	0.0
Villapol_271_B_2	9.276395631067961	1.9468042071197411	1.137742718446602	0.5966828478964401	0.5941545307443366	0.5006067961165049	0.42475728155339804	0.34385113268608414	0.45509708737864074	6.922532362459546	4.5939522653721685	14.287520226537218	10.032362459546926	25.79389158576052	23.093648867313917	0.0
Villapol_272_B_1	4.986467467792574	1.6888600194868466	0.9548554725560247	0.8400995994370466	0.7794738551477752	0.8054563169860344	0.409223773952582	0.46768431308866515	0.3117895420591101	8.201797120277146	3.1049041896719713	9.795388113023709	13.96124282775793	18.46703475154271	35.225722637219874	0.0
Villapol_272_B_2	8.714950741582765	1.7061816607123526	0.8898993179603767	0.6668831871819855	0.6603875717224207	0.6365703150373497	0.39406733788026416	0.39839774818664064	0.409223773952582	6.627692973909278	3.3712244235141275	10.544549096026849	11.068528743098408	19.70120168886002	34.21024142037458	0.0
Villapol_273_B_1	5.3474188629928125	1.9458360560516954	1.0455238510128513	0.8204457997531401	0.7532854134901619	0.653452406883032	0.5209467799317505	0.3920714441298192	0.37573513395774344	8.095549263050897	5.089668191388949	16.77920569229652	6.392942714005663	34.696507659914325	17.091410731140638	0.0
Villapol_273_B_2	8.616496042982648	1.8224061569737893	0.9692877368764974	0.6752341537791331	0.6171494953895302	0.5445436724025267	0.4192986277499456	0.3920714441298192	0.408407754301895	6.029913599070646	3.279968053437886	15.428737384738255	8.119146155521673	36.02337907500181	16.65396064764394	0.0
Villapol_274_B_1	5.963166493390762	2.216693895737413	1.1473340264369523	0.8094460121788207	0.6497846428040992	0.43442744690331203	0.5978018713797713	0.38615773058072184	0.4845536907767711	7.528219218773207	5.46376058220704	18.478018713797713	15.000742611020348	24.99814347244913	15.84174959156394	0.0
Villapol_274_B_2	8.915045299272242	1.8862319916827563	1.303282340709936	0.8168721223822962	0.7426110203475419	0.49012327342937767	0.35088370711421357	0.37130551017377095	0.2673399673251151	5.816500816872122	3.38816278033566	12.717213723451657	17.12089707411258	30.575152235259175	15.23837813753156	0.0
Villapol_275_B_1	5.008002632641766	1.818916129418276	1.036602695466172	0.8017590833620032	0.5758903863700956	0.5833694822969799	0.4711830433937146	0.40686281842250915	0.3769464347149717	8.17614766726998	3.2668691008630875	15.246884956546452	9.728807981691173	30.350171271296727	0.0	22.151586316246092
Villapol_275_B_2	8.26290518002184	1.8129328526767685	1.0635274408029558	0.7120099322393909	0.6581604415658235	0.4846454160621064	0.513065980584267	0.3948962649394941	0.3904088073833635	5.672146350949097	3.9310128191704186	9.861935889189715	10.340598028510312	34.75087131467548	0.0	21.150883281228968
Villapol_276_B_1	5.653118759544226	2.0175026430165626	1.1276870668389523	1.0219664043228005	0.7488546928227418	0.4669329261130037	0.46252789850816395	0.39938916950546227	0.3700223188065312	7.092094443791848	4.32280042288265	15.769998825325974	12.501468342534947	24.71807823329026	7.675026430165629	15.652531422530247
Villapol_276_B_2	8.760131563491132	1.820744743333725	0.9823211558792434	0.8516386702690004	0.5432867379302243	0.5638435334194761	0.41113590978503467	0.4463761306237519	0.2643016562903794	5.374133677904382	2.0145659579466697	15.053447668272055	10.14477857394573	37.89204745683073	0.0	14.877246564078469
Villapol_277_B_1	4.848361426154521	1.9205464001503854	0.9869039413497087	0.883514004636882	0.6501033899367128	0.6673350460555173	0.3508991791465631	0.589009336424588	0.3242684378720471	7.232596027320007	4.343943856131337	17.53712638636506	10.124381226893915	27.46882636756689	22.072184973995864	0.0
Villapol_277_B_2	8.235165110595903	1.785826179585187	1.0385989097061221	0.7957892098502413	0.7754245253461997	0.4981515132527101	0.3618647784948932	0.3759634062284604	0.31016981013847983	5.922990162290871	3.178457296823109	14.170687386427721	10.458048749921673	30.8916598784385	21.20120308289993	0.0
Villapol_278_B_1	5.372752576544046	1.8295343413826826	0.9298126833671858	0.7221846084405326	0.6243887760475438	0.6951026856240127	0.4528699315429173	0.49349281576769727	0.35206499661475965	8.067403896787784	4.122470473181374	13.683893778680508	10.68381855111713	29.218385616489883	0.0	22.751824268411948
Villapol_278_B_2	8.45858722635974	1.7633340856089672	0.9252990295644324	0.6258933273151283	0.6695253140750771	0.3610923042202663	0.421274354923644	0.37312871436094186	0.31144211238997965	5.860227187241406	3.504099902204168	12.698412698412698	11.159256751673812	31.10659745730836	0.0	21.76182953434138
Villapol_279_B_1	6.225854383358098	2.1218424962852898	1.3105497771173849	0.9271916790490341	1.0104011887072808	0.8023774145616641	0.7280832095096582	0.45170876671619614	0.7221396731054978	9.355126300148589	6.047548291233284	13.551263001485884	11.720653789004459	29.61961367013373	15.405646359583953	0.0
Villapol_279_B_2	9.515601783060921	2.1753343239227343	1.2659732540861814	1.1173848439821694	0.7132243684992571	0.5527488855869243	0.6656760772659732	0.40416047548291234	0.2674591381872214	6.882615156017831	4.2436849925705795	14.475482912332838	14.722139673105497	42.99851411589896	0.0	0.0
Villapol_280_B_1	4.670704739928853	1.757523315065859	1.055667724257283	0.7999230843188154	0.6345543697721373	0.4614940871070089	0.5922507451206616	0.615325449476012	0.4845687914623594	7.870397077204115	6.076338813575618	17.132967983847706	3.078550139409672	38.69243341986348	16.077300259590423	0.0
Villapol_280_B_2	6.660897990577828	1.703682338236708	0.9691375829247189	0.7460821074896645	0.615325449476012	0.4038073262186328	0.44418805884049606	0.5999423132391116	0.3115085087972311	5.524468801076819	4.018844341890203	15.210075954235169	6.96471493125661	40.1692144986059	15.658109797134893	0.0
Villapol_281_B_1	5.201701762977473	1.7476738491674828	1.0834965719882468	0.8447600391772772	0.7728330068560235	0.6519343780607247	0.5463393731635651	0.465230166503428	0.42697110675808025	7.160565621939276	4.193192948090108	12.238308031341822	9.007713026444662	33.43535749265426	22.22392262487757	0.0
Villapol_281_B_2	8.917421645445641	1.7568560235063664	1.0651322233104799	0.7957884427032321	0.7039666993143977	0.44992654260528897	0.49277668952007836	0.4285014691478942	0.37187806072477964	5.5812316356513225	3.0714373163565134	12.342372673849166	7.950232615083251	42.34512732615083	13.727350636630753	0.0
Villapol_282_B_1	4.25751543112347	1.5252059238661022	1.1186247867029009	0.8426552065558575	0.5898586445891003	0.5435126082285281	0.5013798479007352	0.3707682908845773	0.4360740693926563	7.948345235838127	4.0510649055172845	6.517938022709558	7.663949103625524	34.98283090016642	0.0	28.650277022899157
Villapol_282_B_2	7.748214624281109	1.6010448924561291	1.011186247867029	0.7415365817691546	0.6214582148349449	0.39183467104847375	0.42764751732709766	0.5224462280646316	0.22751690577008152	6.56428405907013	3.2189428890433756	9.604162716720387	4.885293560007583	34.92173839769113	0.0	27.512692494048746
Villapol_283_B_1	4.940182732917164	1.8205986774578922	1.0903400582187746	0.9961131396072755	0.7740068314515993	0.5552657703891908	0.4593562282310578	0.5788225000420656	0.4240211337517457	7.265568474365231	4.867829920411906	13.836213423970655	7.9756356110447415	40.2550857296697	14.160959768470999	0.0
Villapol_283_B_2	8.741229324763172	1.8340596658309636	1.140818764617792	0.8076593023842775	0.6141575945213777	0.5249785465497804	0.5889182413218691	0.3769076744459962	0.4694519695108613	5.540879339065471	3.2508286920967175	13.001632144840237	10.64259393245949	38.58592317140886	13.879961636183136	0.0
Villapol_284_B_1	5.348805965136197	2.0488361938669266	1.1033486716152219	0.6515970846068585	0.5961777449366876	0.5138884223961308	0.5290027877607228	0.44335471736136767	0.33251603802102575	6.838410640513216	5.990326806166661	20.85782420313707	9.737010042656099	23.43230443690592	0.0	21.576596244919894
Villapol_284_B_2	7.61428139589561	1.7263963994222955	0.9522050179693011	0.6986195546300339	0.6465589628186612	0.41312598663218353	0.36442414267960904	0.32243979444463106	0.33251603802102575	5.456285896617741	4.535988983307023	16.973432304436905	9.172740402377993	29.783696637893392	0.0	21.007288482853593
Villapol_285_B_1	5.189707080956104	1.7931103311765	1.0978226517407141	0.8250303564596884	0.5572281641411201	0.5988123554949351	0.40752507526738635	0.3060596483640779	0.3443171044095876	7.616560488364743	5.697034215472646	18.426786872702476	6.851411367454549	31.562401237545533	0.0	18.72619305044994
Villapol_285_B_2	7.9442439162328045	1.8496648314176882	1.0728721369284253	0.6986144147440909	0.4990102962457792	0.4491092666212013	0.26780219231856817	0.3459804720637403	0.29940617774746753	6.127846437898168	2.787804188359753	17.017914469635222	10.352800279445766	32.515510903374974	0.0	17.77142001696635
Villapol_286_B_1	5.534799316823228	1.868061485909479	1.0567890691716482	0.6404782237403929	0.6404782237403929	0.6618274978650726	0.5728721890122402	0.4269854824935952	0.32023911187019644	8.169655565044122	4.079490463990891	13.894819242812412	14.344933105607744	20.207087959009392	9.139268431539994	18.4422146313692
Villapol_286_B_2	9.15172217477939	1.7684315399943067	1.0354397950469683	0.7258753202391118	0.649373754625676	0.5657557643040136	0.38606604042129233	0.48391688015940787	0.44833475661827493	6.173498434386564	3.159692570452605	12.695701679476231	9.648092798178196	35.438015940791345	17.670082550526615	0.0
Villapol_287_B_1	4.593835806620801	1.6906796655662852	0.916299015826983	0.7116486183527185	0.47306122029226955	0.4566069169777558	0.4031304312055862	0.353767521262045	0.3331996421189029	6.929318483324592	3.4214666954616972	13.418484352985944	12.286222606155967	23.728133773485947	0.0	30.28414525036251
Villapol_287_B_2	7.774658316107734	1.5981242094221453	0.9101286520840404	0.7281029216672323	0.5707586462221947	0.42575509826304264	0.38153415810528696	0.29617745966124703	0.26841082281800516	5.83510731290943	2.383817192690176	10.168759448369482	11.636277625232674	22.409732720410535	5.675706249550077	28.9369491664867
Villapol_288_B_1	6.132466697134346	2.1564346045126017	1.2644086731325852	0.9411127473383096	0.7532287276358773	0.4874828619306352	0.5450329220196686	0.3385297652296078	0.39607982531864117	8.085783442509182	4.829127101000355	17.066978114050677	15.013795087933108	41.98953943025441	0.0	0.0
Villapol_288_B_2	9.351884764467917	1.997325614854686	1.299954298481694	0.9546539379474941	0.7193757511129166	0.6093535774132941	0.4383960459723421	0.36561214644797646	0.4874828619306352	5.677144162900523	3.5528698860847343	15.130587856937321	11.469388445979114	47.94597064946935	0.0	0.0
Villapol_289_B_1	4.114731132583786	1.4907144653184383	0.8028305614425805	0.4813391285606523	0.5837134954560149	0.4957074607564927	0.4651747548403319	0.5316282912460936	0.4526024641689716	7.309889004633788	2.5162541757965444	11.525198462588456	4.130895506304106	10.90197205359388	26.82926829268293	27.36808075002694
Villapol_289_B_2	7.924135206005962	1.4619778009267574	0.7435611911347391	0.6537591149107368	0.43104996587521105	0.47415496246273214	0.4148855921548906	0.28736664391680733	0.32328747440640826	6.077804518840475	2.0905923344947737	10.348791264054025	3.863285319156579	13.001544595711053	25.137397176622724	26.766406839326123
Villapol_290_B_1	3.7150981214748517	1.4356966391646857	0.8180674031603972	0.6992029086841001	0.5360555633244768	0.4754579779051881	0.44049783247098306	0.4288444506595814	0.4614739197315061	6.70069454155596	2.7828275765627186	8.562904955017945	5.320934135086002	7.742506875495268	27.85391320561227	32.02582389409407
Villapol_290_B_2	6.98270638139188	1.417051228266443	0.9229478394630122	0.6805574977858575	0.5477089451358784	0.4894420360788701	0.6036451778306064	0.5780077378455228	0.23073695986575304	6.796252272409453	1.7270311844497275	10.04754579779052	5.015615531627278	17.470750011653383	15.305551671094953	31.184449727310863
Villapol_291_B_1	3.9710390448531787	1.5246853823814135	0.9620038722168442	0.8712487899322363	0.6050338818973863	0.49612778315585676	0.4799935463052598	0.500161342368506	0.3267182962245886	7.01839303000968	2.488706034204582	6.800580832526622	12.062358825427557	26.484349790254917	10.376331074540174	25.03226847370119
Villapol_291_B_2	6.766295579219103	1.4117457244272344	1.0285575992255567	0.6695708292997742	0.6252016779606325	0.6171345595353339	0.46587608906098743	0.5969667634720878	0.21781219748305908	5.636898999677316	2.9485317844465957	7.010325911584382	13.706034204582124	33.38980316231042	0.0	24.90924491771539
Villapol_292_B_1	4.598349809293999	1.5412158480579123	0.9574219662177941	0.8017435977270958	0.671362964116136	0.6421732700241302	0.5448742897174438	0.6538491476609325	0.54292831011131	7.388884564489764	3.997042110998677	9.14610414882852	9.858332684673464	24.924106795360785	11.450144002490854	22.281466490231182
Villapol_292_B_2	7.846189771931191	1.7864092784307621	1.0041254767650034	0.6382813108118627	0.5837938818401183	0.5370903712929089	0.5176305752315715	0.4047637580758154	0.43784541138008876	6.349731454814353	2.321553670117537	10.010119093951895	9.980929399859889	24.819023896629563	11.033704366778236	21.728808282089204
Villapol_293_B_1	3.5278266156197113	1.399957278299019	0.7394140554396227	0.5981038137333837	0.5586683974432705	0.5422369739890567	0.4485778603000378	0.32862846908427673	0.31055390328464155	6.87490757324307	1.9175471171067549	8.18120573785307	5.065807850934126	25.519643766739513	13.467194663073661	30.519725923856782
Villapol_293_B_2	6.963637259895824	1.4098161323715475	0.7591317635846794	0.637539230023497	0.41078558635534596	0.4140718710461887	0.3565618889564403	0.3417736078476479	0.38449530882860383	6.196289784584039	1.8600371350170064	7.413858262541284	7.512446803266568	23.613598646050708	12.03930396490248	29.686652754728144
Villapol_35d_234_1	4.9667118364461205	1.5711227636049412	0.9426736581629647	0.6677271745321	0.4418782772638897	0.47133682908148233	0.46740902217247	0.8169838370745695	0.38885288399222295	7.612089789665941	5.227910995895442	11.545788409041812	7.486399968577545	22.36689644337084	11.44955713977101	23.576660971346648
Villapol_35d_234_2	9.623126927080266	1.5514837290598793	0.9603487892535203	0.6755827883501246	0.5106148981716059	0.4242031461733341	0.5498929672617294	0.47133682908148233	0.24745183526777823	6.205934916239517	3.527170604293093	13.564681160274162	8.560655158192423	19.39943832361201	11.092126711050884	22.63595121663819
Villapol_35d_236_1	6.370149447272019	2.2692644341427046	1.526890783544591	1.1800175057542062	0.8752877103121859	0.5057217881803742	0.6127013972185301	0.5705579148701656	0.43764385515609294	9.242389859629787	5.303595163224949	16.659642752941938	13.216844425714008	24.09634648426103	17.132946477777416	0.0
Villapol_35d_236_2	9.9847635102279	2.3535513988394334	1.3226569844717477	0.8299024216293318	0.6969883619152591	0.6224268162219989	0.4765455311699679	0.49275456284241576	0.4084675981456867	6.710539112393425	4.2337990728433885	19.02616137711933	11.865011184231854	24.611793691444873	16.364638376503386	0.0
Villapol_35d_237_1	4.473470620434512	1.634609939787463	1.0475848921270692	0.7852167840087582	0.6040129107759679	0.6002378300836181	0.42280903754317745	0.5285112969289718	0.3227693991959078	7.340644406274184	5.217161516827422	8.065459899205345	8.812925876290606	27.79591913777157	11.614035750014157	20.734630702731273
Villapol_35d_237_2	7.782328847279111	1.8460144585590519	1.1042111025123162	0.7852167840087582	0.5662621038524699	0.6002378300836181	0.48887294965929895	0.30200645538798393	0.3397572623114819	5.692821684063497	3.2144812095358537	13.076879518299704	7.497310255006701	36.5692066667925	0.0	20.134392872647652
Villapol_35d_238_1	5.325980734329192	1.9998603936897947	1.214574898785425	0.9144213318441994	0.8463632556191539	0.8062264414351529	0.525268742147145	0.6142677649029736	0.2669970682674857	6.634789892503141	4.7937316766717855	16.723090883707943	8.245497696495882	28.708292614826192	22.380636604774537	0.0
Villapol_35d_238_2	8.66606170598911	1.9928800781795337	1.0575177998045513	0.8236772302108055	0.610777607147843	0.5968169761273209	0.5130531900041881	0.39089766857461955	0.3455256177579227	5.537135278514589	3.500628228395924	15.37588999022756	10.629275443250034	28.272022895434873	21.687840290381125	0.0
Villapol_35d_239_1	5.0273685757319715	1.5759891260423937	1.0855589434627677	0.6979905220234378	0.7163586936556335	0.727379596634951	0.5014510855589435	0.3967525072554278	0.3471584438484993	8.100363689798318	4.911649094449139	13.348150325116636	4.847360493736454	28.189633003930787	10.253113405091657	19.27372249366298
Villapol_35d_239_2	8.467727122442232	1.6090518349803462	1.0524962345248154	0.778810477205099	0.6428860071268505	0.5179824400279196	0.6686014474119246	0.38205796994967123	0.38022115278645163	6.204768377355718	3.2585136475515224	13.710003306270893	6.02659711252342	37.7061827265714	0.0	18.59410014327174
Villapol_35d_240_1	5.285338338946245	1.884466037284455	1.1041793187213604	0.6993135685235282	0.7729255231049522	0.6072986252967482	0.45087322181122214	0.48583890023739856	0.6293822116711754	7.158762583043486	5.255893557113675	14.118772888717126	9.019304735088978	24.83115257917886	27.696497911260785	0.0
Villapol_35d_240_2	9.129722666961113	1.9470361986786655	1.0158449732236514	0.7287583503560978	0.7361195458142402	0.48583890023739856	0.43799112975947296	0.3238926001582657	0.3478164853972285	6.238613150775686	3.5830618892508146	14.49051325935332	10.572516976757026	32.82541084672151	17.136863026555513	0.0
